#    0.000   0.000   0.000 ;Mean Elev.(m), Avg Gradient(m/km), RMS Gradient(m/km) - SRTM1     
#    0.000   0.000   0.000 ;Mean Elev.(m), Avg Gradient(m/km), RMS Gradient(m/km) - ASTER GDEM
#    1.786   0.427   3.845 ;Mean Elev.(m), Avg Gradient(m/km), RMS Gradient(m/km) - GMTED2010 
  6 302.841767   5.625576     1.112     1.007 14 52420.07313677 16.236
  7 302.841657   5.626316     1.022     0.934 14 52455.07316120 31.164
  8 302.847858   5.639081     0.609     0.635 12 52490.07313888 17.521
  9 302.844530   5.633369     0.310     0.287 15 52525.07311602 18.470
 10 302.842222   5.630435     0.508     0.213 15 52560.07316439 31.291
 11 302.841148   5.615750    -0.710    -0.705 11 52595.07316813 13.844
 12 302.845309   5.637922     0.155     0.137 13 52630.07310458 22.487
 14 302.847635   5.640065    -0.659    -0.527 13 52700.07310751 18.275
 15 302.847771   5.640205     0.873     0.844 13 52735.07313866 14.250
 16 302.843994   5.632381    -0.231    -0.170 14 52770.07312551 17.127
 17 302.842607   5.630003     0.840     0.919 15 52805.07316139 20.109
 18 302.844370   5.634106     1.325     1.338 15 52840.07322345 39.423
 19 302.843631   5.632929     0.180     0.254 15 52875.07326233 20.997
 21 302.847999   5.640940     0.452     0.411 12 52945.07317642 23.660
 23 302.843016   5.630129     0.196     0.291 15 53015.07322045 20.937
 24 302.844622   5.633396    -0.122    -0.107 14 53050.07319547 24.695
 25 302.840596   5.615484     0.245     0.091 11 53085.07322794 13.096
 26 302.842037   5.628290     0.847     0.844 15 53120.07320061 21.154
 27 302.841310   5.616137     0.798     0.855 11 53155.07325152 16.425
 28 302.847886   5.641079     0.231     0.156 12 53190.07324630 18.776
 29 302.845609   5.638728     0.994     0.911 13 53225.07325573 33.295
 30 302.841877   5.627176     0.304     0.194 14 53260.07322824 17.906
 31 302.839787   5.612764     0.764     0.744 11 53295.07325380 13.710
 32 302.844405   5.635920     0.057    -0.057 13 53330.07323094 21.362
 33 302.846536   5.639723    -0.458    -0.460 12 53365.07318119 16.601
 35 302.845588   5.637922    -0.006     0.193 13 53435.07319586 17.831
 36 302.842175   5.628982     1.019     0.873 16 53470.07323953 19.344
 38 302.842572   5.629780    -0.367    -0.422 15 53540.07328065 22.005
 39 302.842401   5.627412     0.928     0.926 15 53575.07327446 40.864
 40 302.843549   5.629804     0.718     0.723 15 53610.07322546 21.279
 41 302.843748   5.631492    -0.450    -0.405 15 53645.07322898 20.046
 42 302.841509   5.620678     0.400     0.470 12 53680.07324402 40.778
 43 302.846417   5.639679    -0.782    -0.791 12 53715.07317550 17.351
 44 302.847381   5.639415     0.453     0.451 12 53750.07309170 14.080
 45 302.846977   5.638550     0.841     0.836 13 53785.07312197 31.409
 46 302.846658   5.639725     0.033     0.134 12 53820.07308142 19.300
 47 302.841882   5.622095    -0.204    -0.189 13 53855.07316185 36.467
 48 302.848323   5.642512     0.632     0.604 11 53890.07317539 23.215
 49 302.838910   5.608820     0.449     0.441 11 53925.07323467 15.315
 50 302.841034   5.616007     1.170     1.189 12 53960.07322472 17.521
 51 302.845071   5.636734    -0.087    -0.158 13 53995.07316354 23.816
 52 302.845285   5.635257    -0.257    -0.334 13 54030.07322007 17.539
 53 302.846289   5.638750     0.734     0.713 12 54065.07321403 37.191
 55 302.843995   5.631704     0.054     0.111 15 54135.07313861 20.696
 57 302.843105   5.631875     0.027     0.027 15 54205.07314276 20.277
 58 302.844466   5.633816     1.152     1.125 15 54240.07317756 21.699
 59 302.844593   5.632754     0.402     0.406 14 54275.07319378 30.120
 61 302.844987   5.636976     0.973     1.037 13 54345.07317137 19.632
 62 302.844149   5.632930    -0.093     0.010 15 54380.07313102 20.212
 63 302.844315   5.633417     0.163     0.049 15 54415.07311894 16.392
 65 302.845102   5.637193    -0.047     0.078 13 54485.07311478 23.770
 66 302.844631   5.635243     1.082     1.144 13 54520.07311240 16.797
 67 302.844459   5.632924     0.457     0.422 15 54555.07312527 22.074
 68 302.843745   5.632318    -0.236    -0.197 14 54590.07310836 26.973
 69 302.844266   5.632158     1.445     1.497 15 54625.07312493 41.192
 70 302.842868   5.629636     0.112     0.103 15 54660.07313263 41.692
 71 302.844331   5.636897     0.402     0.398 13 54695.07311297 50.133
 72 302.844337   5.632167     1.295     1.240 15 54730.07308833 17.263
 73 302.844301   5.632759    -0.134    -0.047 15 54765.07309008 20.586
 74 302.843178   5.632023     0.263     0.262 15 54800.07308127 15.660
 75 302.844291   5.631685     1.403     1.401 15 54835.07308145 49.566
 76 302.844205   5.632799     0.965     0.926 15 54870.07307912 16.171
 77 302.843507   5.629713     1.284     1.229 15 54905.07308940 17.324
 78 302.843748   5.632060     0.282     0.162 14 54940.07307064 21.884
 79 302.843103   5.633157    -0.056    -0.114 15 54975.07310117 17.715
 80 302.843665   5.631819     1.473     1.452 15 55010.07311249 41.367
 81 302.844297   5.633852     0.557     0.734 15 55045.07310349 19.218
 82 302.844782   5.633362     0.356     0.473 15 55080.07307888 18.698
 83 302.844571   5.632438     1.127     1.144 14 55115.07303532 37.062
 84 302.843328   5.632841    -0.709    -0.563 15 55150.07303462 17.321
 85 302.843700   5.630915     0.733     0.700 15 55185.07301921 15.706
 86 302.843686   5.632000     0.384     0.423 15 55220.07303282 20.920
 87 302.844643   5.635590    -0.507    -0.383 13 55255.07301568 15.847
 88 302.844187   5.631409     1.040     1.021 15 55290.07302186 24.377
 89 302.842621   5.630356    -0.082    -0.106 16 55325.07300178 41.278
 90 302.843725   5.632191     0.512     0.481 14 55360.07299933 27.169
 91 302.843621   5.632762     1.576     1.520 15 55395.07300428 34.801
 92 302.844848   5.635063     0.188     0.187 13 55430.07301543 51.966
 93 302.845323   5.638394     0.682     0.523 13 55465.07297784 17.363
